mean: 0.5449311996599115
split0: 0.5199752913762323
split1: 0.5287767663953296
split2: 0.5944785271244395
split3: 0.4934624456029291
split4: 0.5879629678006273
